{"transl": [[-0.06644801795482635, 0.45331913232803345, 0.8408464193344116], [-0.06620717793703079, 0.4532870352268219, 0.840821385383606], [-0.06593801081180573, 0.45326000452041626, 0.8407691121101379], [-0.06576764583587646, 0.45317956805229187, 0.840755820274353], [-0.06557460874319077, 0.45331767201423645, 0.8406091928482056], [-0.0654115229845047, 0.45333853363990784, 0.8406029939651489], [-0.06516083329916, 0.45336949825286865, 0.8405921459197998], [-0.06491626799106598, 0.45337000489234924, 0.840558648109436], [-0.06460677087306976, 0.4533964991569519, 0.8405682444572449], [-0.06443823873996735, 0.4533903896808624, 0.8405469655990601], [-0.06423898041248322, 0.4534049928188324, 0.8405182361602783], [-0.06395966559648514, 0.45339521765708923, 0.8404850363731384], [-0.06370627135038376, 0.4533718526363373, 0.8404468297958374], [-0.06343711167573929, 0.4533917307853699, 0.8404194116592407], [-0.06326869875192642, 0.45332789421081543, 0.8405240774154663], [-0.06310192495584488, 0.45333608984947205, 0.8405017852783203], [-0.0628504529595375, 0.4533648192882538, 0.8405033349990845], [-0.06250166893005371, 0.4533481001853943, 0.840508222579956], [-0.06229981780052185, 0.4533786177635193, 0.8405053019523621], [-0.06227036938071251, 0.4533786475658417, 0.8403748869895935], [-0.062098752707242966, 0.453411340713501, 0.840347409248352], [-0.06192917749285698, 0.45344820618629456, 0.840368926525116], [-0.061741337180137634, 0.45344921946525574, 0.8403629064559937], [-0.06154441460967064, 0.453459233045578, 0.8403655290603638], [-0.06146947667002678, 0.45345452427864075, 0.8403705358505249], [-0.061330001801252365, 0.45344436168670654, 0.8403694033622742], [-0.061273243278265, 0.45347660779953003, 0.840378999710083], [-0.06119925528764725, 0.4534829556941986, 0.840385377407074], [-0.06103452295064926, 0.45351991057395935, 0.8404780626296997], [-0.06102540343999863, 0.4535101652145386, 0.8404426574707031], [-0.06084267050027847, 0.4534861445426941, 0.8405463695526123], [-0.06081749126315117, 0.45347046852111816, 0.84051513671875], [-0.0606788732111454, 0.45344340801239014, 0.8405226469039917], [-0.06063605844974518, 0.45342811942100525, 0.8405166268348694], [-0.06058323010802269, 0.4533933401107788, 0.8405168652534485], [-0.06053047254681587, 0.45337429642677307, 0.84053635597229], [-0.060485903173685074, 0.45332223176956177, 0.8405188918113708], [-0.060445357114076614, 0.4532924294471741, 0.8405392169952393], [-0.06039765849709511, 0.45328888297080994, 0.8405270576477051], [-0.060339368879795074, 0.4532521665096283, 0.8405448198318481], [-0.06026273965835571, 0.45322567224502563, 0.8405659198760986], [-0.060210008174180984, 0.4531838595867157, 0.8405478596687317], [-0.06017850711941719, 0.4531719386577606, 0.8405380845069885], [-0.06013146787881851, 0.45310720801353455, 0.840532660484314], [-0.06002981215715408, 0.4530450105667114, 0.8405168056488037], [-0.05986695736646652, 0.4529939889907837, 0.840498685836792], [-0.059655722230672836, 0.4528992474079132, 0.8405271172523499], [-0.05936015769839287, 0.4528440535068512, 0.8405795097351074], [-0.05915149301290512, 0.4526546597480774, 0.8406221270561218], [-0.058918967843055725, 0.452302485704422, 0.840620219707489], [-0.05859314650297165, 0.45194077491760254, 0.8406009078025818], [-0.05710388347506523, 0.45194295048713684, 0.8410798907279968], [-0.05669310688972473, 0.45176491141319275, 0.8410579562187195], [-0.056310009211301804, 0.4518524408340454, 0.8410641551017761], [-0.05598253756761551, 0.45172953605651855, 0.8409345149993896], [-0.05540354177355766, 0.45177459716796875, 0.8408088088035583], [-0.05478381738066673, 0.45189419388771057, 0.8406065106391907], [-0.053928446024656296, 0.4517822563648224, 0.8405755758285522], [-0.053253356367349625, 0.4518779218196869, 0.8401793837547302], [-0.05301864445209503, 0.45214399695396423, 0.8403806686401367], [-0.05227125808596611, 0.4524305760860443, 0.8402432203292847], [-0.05203143507242203, 0.4527052938938141, 0.8406226634979248], [-0.05170976743102074, 0.45328617095947266, 0.84054034948349], [-0.05143674090504646, 0.45319557189941406, 0.8408790826797485], [-0.051539890468120575, 0.45294898748397827, 0.8407753109931946], [-0.05129273980855942, 0.45320647954940796, 0.8411283493041992], [-0.05100880563259125, 0.4530729055404663, 0.8413446545600891], [-0.05160466209053993, 0.4528808295726776, 0.8415969610214233], [-0.051646724343299866, 0.4524925649166107, 0.8416591286659241], [-0.05156828090548515, 0.45204928517341614, 0.8421257734298706], [-0.05169187858700752, 0.4517059624195099, 0.8421366214752197], [-0.0523386113345623, 0.4512258470058441, 0.8426035642623901], [-0.052524566650390625, 0.4511699378490448, 0.8429880738258362], [-0.05294930562376976, 0.45092710852622986, 0.8433699607849121], [-0.05415935814380646, 0.45110753178596497, 0.843100905418396], [-0.05452779307961464, 0.45070573687553406, 0.8432696461677551], [-0.05553825944662094, 0.4505015015602112, 0.8429855108261108], [-0.055888641625642776, 0.4498041868209839, 0.8426113724708557], [-0.057143792510032654, 0.4497550129890442, 0.842156171798706], [-0.058177124708890915, 0.4491685926914215, 0.8412718176841736], [-0.05900275334715843, 0.44846031069755554, 0.8406836986541748], [-0.059826940298080444, 0.44811463356018066, 0.8399959206581116], [-0.06043175607919693, 0.447346568107605, 0.8392829298973083], [-0.0618094727396965, 0.44705483317375183, 0.8392433524131775], [-0.06261622160673141, 0.4469890296459198, 0.8392068147659302], [-0.063676618039608, 0.446899950504303, 0.83997642993927], [-0.06469470262527466, 0.44757547974586487, 0.8403328657150269], [-0.06585026532411575, 0.44806891679763794, 0.8411653637886047], [-0.06755644083023071, 0.44878336787223816, 0.8420029282569885], [-0.06793432682752609, 0.4490915536880493, 0.842477023601532], [-0.0693499818444252, 0.4498092532157898, 0.8431093096733093], [-0.06984281539916992, 0.4501824676990509, 0.8433428406715393], [-0.07055673748254776, 0.4507397711277008, 0.8435232639312744], [-0.07107095420360565, 0.4508967101573944, 0.8437074422836304], [-0.07111799716949463, 0.4512404203414917, 0.8437353372573853], [-0.07120104134082794, 0.4520130157470703, 0.8437145352363586], [-0.07096284627914429, 0.4523138403892517, 0.8433337211608887], [-0.07060202211141586, 0.4529550075531006, 0.8429613709449768], [-0.07037469744682312, 0.45340293645858765, 0.8423463702201843], [-0.06925036013126373, 0.4536988139152527, 0.8416504263877869], [-0.0674533024430275, 0.4537738859653473, 0.8408657908439636], [-0.06565850973129272, 0.4542187750339508, 0.8400362133979797], [-0.06353991478681564, 0.45403626561164856, 0.8392902612686157], [-0.06125928834080696, 0.45405668020248413, 0.8385699391365051], [-0.05969519168138504, 0.4544354975223541, 0.838124692440033], [-0.057822395116090775, 0.45482414960861206, 0.8378811478614807], [-0.05631807819008827, 0.4555399417877197, 0.8378377556800842], [-0.054961420595645905, 0.4559660255908966, 0.8381790518760681], [-0.053047385066747665, 0.4568151533603668, 0.8384604454040527], [-0.05114598944783211, 0.45733803510665894, 0.8386608362197876], [-0.04964849725365639, 0.4577791392803192, 0.8387458324432373], [-0.04773762822151184, 0.4584130644798279, 0.8391805291175842], [-0.046451177448034286, 0.45871856808662415, 0.8396026492118835], [-0.04518909007310867, 0.4588604271411896, 0.8402206897735596], [-0.04406487196683884, 0.45851680636405945, 0.8405775427818298], [-0.04333816468715668, 0.45800307393074036, 0.840738832950592], [-0.04231216758489609, 0.45793643593788147, 0.8412106037139893], [-0.04201865568757057, 0.4572661519050598, 0.8415767550468445], [-0.04180086404085159, 0.45645278692245483, 0.8415350317955017], [-0.04133681207895279, 0.4558919668197632, 0.8418475389480591], [-0.041434627026319504, 0.45527878403663635, 0.8422694802284241], [-0.04187115281820297, 0.4546700716018677, 0.8426049947738647], [-0.04253571480512619, 0.45405113697052, 0.8428431749343872], [-0.04287419468164444, 0.45344454050064087, 0.8430545330047607], [-0.04367448389530182, 0.4529061019420624, 0.843096911907196], [-0.04447176307439804, 0.4524501860141754, 0.8429065942764282], [-0.045605819672346115, 0.45172086358070374, 0.8427286148071289], [-0.046288974583148956, 0.451412558555603, 0.8420288562774658], [-0.047396738082170486, 0.45115989446640015, 0.8415670990943909], [-0.04849768057465553, 0.4507085382938385, 0.8410329818725586], [-0.04968465119600296, 0.450586199760437, 0.8404759764671326], [-0.05081360787153244, 0.44986996054649353, 0.83999103307724], [-0.05176577717065811, 0.44958582520484924, 0.8397050499916077], [-0.0528264045715332, 0.4497039318084717, 0.8395414352416992], [-0.0544014610350132, 0.449662983417511, 0.8395311236381531], [-0.05570754036307335, 0.44989004731178284, 0.8399124145507812], [-0.057126276195049286, 0.4506528377532959, 0.8401141166687012], [-0.05856452137231827, 0.45065173506736755, 0.8406395316123962], [-0.059677835553884506, 0.4501557946205139, 0.8413940072059631], [-0.060802627354860306, 0.4509775638580322, 0.8415758609771729], [-0.06213673949241638, 0.45138072967529297, 0.8421251773834229], [-0.06315038353204727, 0.45200470089912415, 0.8431010246276855], [-0.06400012969970703, 0.45258593559265137, 0.8436141014099121], [-0.06437360495328903, 0.4525744616985321, 0.8437890410423279], [-0.06483731418848038, 0.4530518352985382, 0.8441371321678162], [-0.06513999402523041, 0.45325198769569397, 0.8444511890411377], [-0.06550633907318115, 0.4528971016407013, 0.8443419933319092], [-0.06539040058851242, 0.45325279235839844, 0.8445034027099609], [-0.06547289341688156, 0.45400363206863403, 0.8446924090385437], [-0.06515521556138992, 0.4542086124420166, 0.8443547487258911], [-0.06374560296535492, 0.45485803484916687, 0.8442195653915405], [-0.06341734528541565, 0.45489034056663513, 0.8434387445449829], [-0.062012527137994766, 0.4551598131656647, 0.8430522084236145], [-0.059924084693193436, 0.45589137077331543, 0.8421282172203064], [-0.05797223374247551, 0.45561903715133667, 0.8409447073936462], [-0.056002676486968994, 0.45563533902168274, 0.8397195339202881], [-0.053902190178632736, 0.45579326152801514, 0.8388364315032959], [-0.05132501199841499, 0.4559227526187897, 0.8378903269767761], [-0.04948157072067261, 0.4560178518295288, 0.8374433517456055], [-0.04718613624572754, 0.45655179023742676, 0.837162435054779], [-0.045767560601234436, 0.45694074034690857, 0.8366647362709045], [-0.04396836832165718, 0.4571530222892761, 0.8366802930831909], [-0.0421091690659523, 0.45742204785346985, 0.8369808197021484], [-0.04056217521429062, 0.45780181884765625, 0.8375493288040161], [-0.03872590884566307, 0.4577955901622772, 0.8377355337142944], [-0.03722241893410683, 0.457681268453598, 0.8381422162055969], [-0.036100927740335464, 0.4573594927787781, 0.838646411895752], [-0.034783776849508286, 0.45762431621551514, 0.8389971852302551], [-0.03376618027687073, 0.45737889409065247, 0.8393182754516602], [-0.033261582255363464, 0.4571629464626312, 0.839518129825592], [-0.032689694315195084, 0.45715975761413574, 0.839840829372406], [-0.03277143836021423, 0.4566971957683563, 0.8399695754051208], [-0.03274662792682648, 0.45610204339027405, 0.8401042222976685], [-0.033162035048007965, 0.4556577801704407, 0.8406095504760742], [-0.03342506289482117, 0.4551655948162079, 0.8406994342803955], [-0.03438602015376091, 0.45453470945358276, 0.8407561182975769], [-0.03516068682074547, 0.454042911529541, 0.8409234285354614], [-0.03612751141190529, 0.4534338116645813, 0.841149628162384], [-0.037147630006074905, 0.45295587182044983, 0.8411853909492493], [-0.03860359638929367, 0.45252668857574463, 0.8411237597465515], [-0.040182095021009445, 0.452156126499176, 0.8407909870147705], [-0.04173333942890167, 0.451591432094574, 0.8403607606887817], [-0.043551549315452576, 0.4511691927909851, 0.8398647904396057], [-0.04546085000038147, 0.4504011571407318, 0.8394879102706909], [-0.04697738587856293, 0.4494236409664154, 0.8391695022583008], [-0.04912610352039337, 0.4491001069545746, 0.8384324908256531], [-0.051289334893226624, 0.4487135708332062, 0.8381708860397339], [-0.05338967964053154, 0.4485163688659668, 0.8381722569465637], [-0.055409397929906845, 0.4483371078968048, 0.8383201956748962], [-0.05732761323451996, 0.4485825002193451, 0.8386616110801697], [-0.05904793366789818, 0.4488518238067627, 0.8391870856285095], [-0.060713183134794235, 0.4495236575603485, 0.8398191332817078], [-0.062261417508125305, 0.4498773515224457, 0.8401250839233398], [-0.06371144950389862, 0.4504367709159851, 0.8408528566360474], [-0.06480582803487778, 0.4505501687526703, 0.8410723805427551], [-0.06576687097549438, 0.45112210512161255, 0.8417413234710693], [-0.06626918911933899, 0.4513266384601593, 0.8421077132225037], [-0.06705284863710403, 0.45215314626693726, 0.8424334526062012], [-0.06743070483207703, 0.4528988003730774, 0.8427152633666992], [-0.06762317568063736, 0.4533068835735321, 0.8428933024406433], [-0.06779640167951584, 0.45396655797958374, 0.842880129814148], [-0.06740391999483109, 0.45470041036605835, 0.8427376747131348], [-0.06662972271442413, 0.4556472897529602, 0.8424403071403503], [-0.06547705084085464, 0.4567766487598419, 0.842154324054718], [-0.06520304828882217, 0.4569070041179657, 0.8415007591247559], [-0.06341402977705002, 0.4572218060493469, 0.840765118598938], [-0.06142144650220871, 0.4576442837715149, 0.8398730754852295], [-0.05932939052581787, 0.4578064978122711, 0.8389452695846558], [-0.057194776833057404, 0.4585546553134918, 0.8379748463630676], [-0.05513346195220947, 0.45885729789733887, 0.8372313380241394], [-0.052444688975811005, 0.45884671807289124, 0.8364775776863098], [-0.050326354801654816, 0.4594098627567291, 0.8360026478767395], [-0.048233695328235626, 0.45923498272895813, 0.8356264233589172], [-0.046113766729831696, 0.4593435823917389, 0.8355203866958618], [-0.04451671987771988, 0.45949938893318176, 0.835677981376648], [-0.04270559921860695, 0.45978298783302307, 0.8358644843101501], [-0.04109719768166542, 0.46016594767570496, 0.8363634347915649], [-0.03976604714989662, 0.4603021442890167, 0.8369606733322144], [-0.0385109968483448, 0.46041128039360046, 0.837443470954895], [-0.0376877523958683, 0.4606958329677582, 0.8382492661476135], [-0.036018114537000656, 0.4605366289615631, 0.8385711908340454], [-0.035366229712963104, 0.46023237705230713, 0.8390153050422668], [-0.0344858281314373, 0.45994341373443604, 0.8391925096511841], [-0.03406666964292526, 0.4596256613731384, 0.8396692872047424], [-0.03336701542139053, 0.4588804841041565, 0.8394317626953125], [-0.03324715048074722, 0.45847129821777344, 0.840103030204773], [-0.03293835371732712, 0.45794498920440674, 0.8404754400253296], [-0.03338995575904846, 0.45739293098449707, 0.8403118252754211], [-0.033939119428396225, 0.45732375979423523, 0.8406442403793335], [-0.03447985649108887, 0.45652294158935547, 0.8400418758392334], [-0.03550935164093971, 0.4560118615627289, 0.8395951986312866], [-0.03613860905170441, 0.4559148848056793, 0.8395531177520752], [-0.03733624890446663, 0.45559006929397583, 0.8392648100852966], [-0.03860994800925255, 0.4553356468677521, 0.838760256767273], [-0.040043968707323074, 0.45499110221862793, 0.8380934596061707], [-0.041598234325647354, 0.45496895909309387, 0.8379405736923218], [-0.043419014662504196, 0.4548807740211487, 0.8375229239463806], [-0.04516185075044632, 0.4548918604850769, 0.8371325135231018], [-0.04689531773328781, 0.45476627349853516, 0.8370176553726196], [-0.04849809780716896, 0.4549430310726166, 0.8372753262519836], [-0.050304681062698364, 0.4554940462112427, 0.8377148509025574], [-0.05208945646882057, 0.4558602571487427, 0.8383955955505371], [-0.0537579171359539, 0.4561751186847687, 0.8389500975608826], [-0.05540263280272484, 0.4564287066459656, 0.839328944683075], [-0.05677609518170357, 0.45683416724205017, 0.8399133682250977], [-0.05805680900812149, 0.45701467990875244, 0.8402611017227173], [-0.05901552364230156, 0.45706212520599365, 0.8405709862709045], [-0.0596071258187294, 0.4571506679058075, 0.8407584428787231], [-0.06022045761346817, 0.45721435546875, 0.8413354754447937], [-0.06045887991786003, 0.45765647292137146, 0.8418593406677246], [-0.060642678290605545, 0.45765992999076843, 0.8427168726921082], [-0.06095366179943085, 0.4588351249694824, 0.8424001336097717], [-0.06024373322725296, 0.45849940180778503, 0.8429098129272461], [-0.06028241291642189, 0.4590615928173065, 0.8425692319869995], [-0.05930591747164726, 0.45939648151397705, 0.8424541354179382], [-0.05846187472343445, 0.4595493674278259, 0.842038094997406], [-0.05683394521474838, 0.46063947677612305, 0.841689944267273], [-0.05486822873353958, 0.46103963255882263, 0.8412815928459167], [-0.05321463942527771, 0.4608108401298523, 0.840644121170044], [-0.050731491297483444, 0.46104171872138977, 0.8397729396820068], [-0.04774360731244087, 0.46069011092185974, 0.8389388918876648], [-0.04482993483543396, 0.46041223406791687, 0.8379267454147339], [-0.04206940904259682, 0.460662305355072, 0.836966872215271], [-0.03892848640680313, 0.4605957865715027, 0.8360061645507812], [-0.035835571587085724, 0.46075981855392456, 0.8354532718658447], [-0.033402200788259506, 0.4609505236148834, 0.8351405262947083], [-0.03115353360772133, 0.4610055088996887, 0.8349661827087402], [-0.028893575072288513, 0.46099695563316345, 0.834941565990448], [-0.02701460011303425, 0.4613787829875946, 0.8350656032562256], [-0.025327473878860474, 0.4612666666507721, 0.8354877233505249], [-0.02405432052910328, 0.46165838837623596, 0.835960328578949], [-0.02269224263727665, 0.461961954832077, 0.8361664414405823], [-0.021799009293317795, 0.4618772864341736, 0.8364956378936768], [-0.021009093150496483, 0.4617006182670593, 0.8368344902992249], [-0.02060668356716633, 0.46159687638282776, 0.8373327851295471], [-0.020518135279417038, 0.4611973464488983, 0.8377421498298645], [-0.020404061302542686, 0.4607605040073395, 0.8382023572921753], [-0.020460911095142365, 0.45967501401901245, 0.8382394909858704], [-0.020604483783245087, 0.4586838185787201, 0.8385557532310486], [-0.021051321178674698, 0.45823588967323303, 0.8389590382575989], [-0.021552756428718567, 0.4573548436164856, 0.8390381932258606], [-0.022164708003401756, 0.4567090570926666, 0.8396721482276917], [-0.022975293919444084, 0.45568764209747314, 0.8394222259521484], [-0.024264607578516006, 0.4551805257797241, 0.8399128317832947], [-0.025453155860304832, 0.45445674657821655, 0.8399757742881775], [-0.026577288284897804, 0.45396989583969116, 0.8397865295410156], [-0.028010834008455276, 0.4533768594264984, 0.8398668766021729], [-0.029378490522503853, 0.45307469367980957, 0.8393592238426208], [-0.031054144725203514, 0.45275670289993286, 0.8391423225402832], [-0.03271135315299034, 0.4523797631263733, 0.8387168645858765], [-0.034165795892477036, 0.4516647756099701, 0.8388660550117493], [-0.03587739169597626, 0.45156794786453247, 0.8384939432144165], [-0.037593722343444824, 0.451055645942688, 0.8381553292274475], [-0.039323121309280396, 0.4507872760295868, 0.8379716873168945], [-0.04078888148069382, 0.45019808411598206, 0.8376931548118591], [-0.04236669838428497, 0.45012375712394714, 0.8376203775405884], [-0.04388424754142761, 0.4503723382949829, 0.8375837206840515], [-0.04561213403940201, 0.4503381848335266, 0.8379659056663513], [-0.047237593680620193, 0.4503649175167084, 0.8383410573005676], [-0.04877753183245659, 0.45096373558044434, 0.8386449217796326], [-0.050220780074596405, 0.4506503641605377, 0.8390882015228271], [-0.051526814699172974, 0.4507277011871338, 0.8398560285568237], [-0.053070083260536194, 0.4510577619075775, 0.8402310013771057], [-0.05443446338176727, 0.45157551765441895, 0.8406816124916077], [-0.05581318587064743, 0.4518379271030426, 0.8412150740623474], [-0.05694406107068062, 0.45205774903297424, 0.8416589498519897], [-0.058237574994564056, 0.4523862600326538, 0.841995120048523], [-0.059121958911418915, 0.4526105523109436, 0.8422777056694031], [-0.06013046205043793, 0.4529069662094116, 0.8426405191421509], [-0.06090613454580307, 0.4533492922782898, 0.8428032398223877], [-0.06175496429204941, 0.45380914211273193, 0.8428588509559631], [-0.06236405298113823, 0.45423388481140137, 0.8429824709892273], [-0.06301151216030121, 0.45465999841690063, 0.8429864048957825], [-0.06401873379945755, 0.4546052813529968, 0.8427947163581848], [-0.06330277025699615, 0.4560942053794861, 0.8428199291229248], [-0.0637739971280098, 0.4566453695297241, 0.8424123525619507], [-0.06349918246269226, 0.4568200409412384, 0.8422041535377502], [-0.06355227530002594, 0.4572218954563141, 0.8418986201286316], [-0.06282363831996918, 0.45775869488716125, 0.8416241407394409], [-0.062134578824043274, 0.45822590589523315, 0.8412578105926514], [-0.06093231216073036, 0.4583844840526581, 0.8409073352813721], [-0.06003165245056152, 0.45861151814460754, 0.8404624462127686], [-0.05892033874988556, 0.45883825421333313, 0.8400316834449768], [-0.05776141956448555, 0.45917245745658875, 0.8397112488746643], [-0.05669352039694786, 0.4595111310482025, 0.8393406867980957], [-0.055645015090703964, 0.45979082584381104, 0.8391167521476746], [-0.0545174740254879, 0.46002912521362305, 0.8387760519981384], [-0.05310380086302757, 0.4602651298046112, 0.838392972946167], [-0.052051857113838196, 0.46057000756263733, 0.8382515907287598], [-0.051314644515514374, 0.46070051193237305, 0.8382111191749573], [-0.050708699971437454, 0.46089425683021545, 0.8382939100265503], [-0.050414230674505234, 0.46112149953842163, 0.8383713364601135], [-0.05005064606666565, 0.46126633882522583, 0.8384765386581421], [-0.04974202439188957, 0.4613818824291229, 0.838373601436615], [-0.049584485590457916, 0.4614134132862091, 0.8383301496505737], [-0.04956036061048508, 0.4614368975162506, 0.8383926749229431], [-0.04955239221453667, 0.4614807069301605, 0.8383602499961853], [-0.049702923744916916, 0.461300790309906, 0.8383881449699402], [-0.04989912733435631, 0.4613432288169861, 0.8386003375053406], [-0.050126638263463974, 0.4613369405269623, 0.8387064337730408], [-0.05038856714963913, 0.4613601863384247, 0.8389107584953308], [-0.050630390644073486, 0.4613367021083832, 0.8391779661178589], [-0.05095573514699936, 0.46155408024787903, 0.8394242525100708], [-0.0511501282453537, 0.4616135060787201, 0.8396143317222595], [-0.05108170211315155, 0.46139976382255554, 0.8396251797676086], [-0.051217447966337204, 0.4615629017353058, 0.8396402597427368], [-0.051337361335754395, 0.4616020917892456, 0.8396036028862], [-0.05151483789086342, 0.46159833669662476, 0.8395024538040161], [-0.05186491459608078, 0.46157965064048767, 0.8392784595489502], [-0.05191691592335701, 0.4616318345069885, 0.8389454483985901], [-0.052196234464645386, 0.46156397461891174, 0.8385971188545227], [-0.052261874079704285, 0.46136367321014404, 0.8382869362831116], [-0.05226386711001396, 0.4612719714641571, 0.8379697799682617], [-0.052645497024059296, 0.46148669719696045, 0.8379200100898743], [-0.05196523666381836, 0.4612829089164734, 0.8376134634017944], [-0.0512281097471714, 0.4610004723072052, 0.8374366164207458], [-0.05066244304180145, 0.46069851517677307, 0.8372586369514465], [-0.05013788118958473, 0.4603707790374756, 0.8372394442558289], [-0.05113716050982475, 0.4610040783882141, 0.837358832359314], [-0.05099443346261978, 0.4609657824039459, 0.8372440934181213], [-0.050720296800136566, 0.46096810698509216, 0.8372303247451782], [-0.050360824912786484, 0.4609156548976898, 0.8372414112091064], [-0.049959946423769, 0.4608430862426758, 0.8372340798377991], [-0.04948988929390907, 0.4606204628944397, 0.8372986912727356], [-0.04922185465693474, 0.4607548117637634, 0.8373561501502991], [-0.04877213388681412, 0.4606817364692688, 0.8373348116874695]], "global_orient": [[[[-0.0764615535736084, 0.027950137853622437, 0.9966806173324585], [0.9963366985321045, 0.04053586721420288, 0.07529854774475098], [-0.03829669952392578, 0.9987870454788208, -0.030947208404541016]]], [[[-0.07662677764892578, 0.028191596269607544, 0.9966611862182617], [0.9963353872299194, 0.04026329517364502, 0.0754629373550415], [-0.03800132870674133, 0.9987912178039551, -0.031173348426818848]]], [[[-0.07674133777618408, 0.02843266725540161, 0.996645450592041], [0.9963183999061584, 0.040497422218322754, 0.07556086778640747], [-0.038213104009628296, 0.9987749457359314, -0.03143572807312012]]], [[[-0.07692766189575195, 0.02879604697227478, 0.996620774269104], [0.996300458908081, 0.04062545299530029, 0.0757291316986084], [-0.03830742835998535, 0.998759388923645, -0.03181469440460205]]], [[[-0.07709634304046631, 0.028776198625564575, 0.9966082572937012], [0.9962804317474365, 0.04081249237060547, 0.07589256763458252], [-0.03849002718925476, 0.9987523555755615, -0.03181564807891846]]], [[[-0.07738018035888672, 0.028875380754470825, 0.9965833425521851], [0.996253252029419, 0.040962278842926025, 0.07616767287254333], [-0.03862282633781433, 0.9987432956695557, -0.03193676471710205]]], [[[-0.07716619968414307, 0.028834611177444458, 0.9966012239456177], [0.9962658882141113, 0.04105621576309204, 0.07595241069793701], [-0.03872668743133545, 0.9987407922744751, -0.03189527988433838]]], [[[-0.07747375965118408, 0.029065877199172974, 0.9965704083442688], [0.9962413311004639, 0.041097402572631836, 0.07624956965446472], [-0.03874009847640991, 0.9987320899963379, -0.032140493392944336]]], [[[-0.0774390697479248, 0.028885960578918457, 0.9965784549713135], [0.9962445497512817, 0.04107028245925903, 0.07622277736663818], [-0.03872787952423096, 0.9987385272979736, -0.03195786476135254]]], [[[-0.07785665988922119, 0.029194772243499756, 0.9965370893478394], [0.9962083697319031, 0.04120612144470215, 0.07662373781204224], [-0.038826555013656616, 0.9987241625785828, -0.03229236602783203]]], [[[-0.07826149463653564, 0.029435455799102783, 0.9964982271194458], [0.9961679577827454, 0.041458964347839355, 0.07701078057289124], [-0.03904697299003601, 0.998706579208374, -0.032567381858825684]]], [[[-0.07876265048980713, 0.029666274785995483, 0.9964519143104553], [0.9961255788803101, 0.04156482219696045, 0.07749941945075989], [-0.03911834955215454, 0.9986953735351562, -0.03282511234283447]]], [[[-0.07897305488586426, 0.02985137701034546, 0.9964298009872437], [0.9961099028587341, 0.041563987731933594, 0.07770240306854248], [-0.03909623622894287, 0.9986898899078369, -0.033017873764038086]]], [[[-0.07968246936798096, 0.030226856470108032, 0.9963618516921997], [0.996048092842102, 0.04174906015396118, 0.07839089632034302], [-0.03922763466835022, 0.998670756816864, -0.033434152603149414]]], [[[-0.0802297592163086, 0.03085482120513916, 0.9962986707687378], [0.9959993362426758, 0.04194003343582153, 0.07890686392784119], [-0.03935012221336365, 0.9986435174942017, -0.03409624099731445]]], [[[-0.08049356937408447, 0.0311528742313385, 0.9962680339813232], [0.9959738254547119, 0.042080044746398926, 0.07915404438972473], [-0.039457082748413086, 0.9986283779144287, -0.03441452980041504]]], [[[-0.08067607879638672, 0.03129786252975464, 0.9962489008903503], [0.9959502816200256, 0.04232114553451538, 0.07932236790657043], [-0.03967982530593872, 0.9986138343811035, -0.03458547592163086]]], [[[-0.08036887645721436, 0.030912071466445923, 0.9962857961654663], [0.9959772825241089, 0.042226314544677734, 0.0790337324142456], [-0.039626508951187134, 0.9986298084259033, -0.03418135643005371]]], [[[-0.08048391342163086, 0.031012505292892456, 0.9962732791900635], [0.9959719181060791, 0.04213607311248779, 0.07914802432060242], [-0.03952443599700928, 0.9986304044723511, -0.0342787504196167]]], [[[-0.08135044574737549, 0.03230062127113342, 0.9961620569229126], [0.9959011077880859, 0.0422821044921875, 0.07995805144309998], [-0.03953710198402405, 0.9985834360122681, -0.03560793399810791]]], [[[-0.0816793441772461, 0.03242337703704834, 0.996131181716919], [0.995873212814331, 0.04232823848724365, 0.0802803635597229], [-0.03956153988838196, 0.9985775351524353, -0.03574693202972412]]], [[[-0.08162343502044678, 0.032467424869537354, 0.9961341619491577], [0.9958825707435608, 0.04220551252365112, 0.08022725582122803], [-0.03943753242492676, 0.9985811710357666, -0.03577864170074463]]], [[[-0.08209466934204102, 0.03256937861442566, 0.9960923194885254], [0.9958449602127075, 0.04220634698867798, 0.08069419860839844], [-0.03941333293914795, 0.9985780715942383, -0.03589904308319092]]], [[[-0.08244800567626953, 0.03244158625602722, 0.9960670471191406], [0.995816707611084, 0.04217952489852905, 0.08105358481407166], [-0.03938409686088562, 0.9985830783843994, -0.03578341007232666]]], [[[-0.08255326747894287, 0.032480388879776, 0.9960572719573975], [0.9958089590072632, 0.04216533899307251, 0.08115765452384949], [-0.03936305642127991, 0.9985824823379517, -0.035825133323669434]]], [[[-0.08253312110900879, 0.03272426128387451, 0.996051013469696], [0.9958173036575317, 0.042017996311187744, 0.08113312721252441], [-0.03919714689254761, 0.9985809326171875, -0.03605544567108154]]], [[[-0.08310568332672119, 0.032836318016052246, 0.9959996342658997], [0.9957714080810547, 0.04200166463851929, 0.08170187473297119], [-0.039150893688201904, 0.9985778331756592, -0.03618812561035156]]], [[[-0.08329737186431885, 0.03291293978691101, 0.9959810972213745], [0.9957525730133057, 0.042086005210876465, 0.0818873941898346], [-0.03922167420387268, 0.9985717535018921, -0.036278724670410156]]], [[[-0.08314394950866699, 0.03238603472709656, 0.9960112571716309], [0.9957718849182129, 0.041871607303619385, 0.08176243305206299], [-0.0390566885471344, 0.9985979795455933, -0.03573048114776611]]], [[[-0.08356475830078125, 0.033130496740341187, 0.9959514141082764], [0.9957338571548462, 0.04201728105545044, 0.08214884996414185], [-0.03912544250488281, 0.9985674023628235, -0.03650033473968506]]], [[[-0.0831761360168457, 0.03229758143424988, 0.9960113763809204], [0.9957736730575562, 0.04175084829330444, 0.08180233836174011], [-0.03894233703613281, 0.9986058473587036, -0.03563368320465088]]], [[[-0.08353579044342041, 0.0327378511428833, 0.995966911315918], [0.9957412481307983, 0.041860222816467285, 0.08214083313941956], [-0.039002299308776855, 0.9985870122909546, -0.036095261573791504]]], [[[-0.08337807655334473, 0.03284069895744324, 0.9959766864776611], [0.9957578182220459, 0.041774749755859375, 0.08198246359825134], [-0.03891420364379883, 0.9985871315002441, -0.03618443012237549]]], [[[-0.08377277851104736, 0.0329279899597168, 0.9959406852722168], [0.9957253932952881, 0.041779935359954834, 0.08237335085868835], [-0.038897961378097534, 0.9985840320587158, -0.03628718852996826]]], [[[-0.08376157283782959, 0.03327500820159912, 0.9959299564361572], [0.995720386505127, 0.041957736015319824, 0.08234220743179321], [-0.03904697299003601, 0.9985650181770325, -0.03664684295654297]]], [[[-0.0840604305267334, 0.03360429406166077, 0.9958939552307129], [0.995692253112793, 0.042077600955963135, 0.08262348175048828], [-0.03912833333015442, 0.9985491037368774, -0.03699660301208496]]], [[[-0.08425498008728027, 0.03373849391937256, 0.9958728551864624], [0.9956752061843872, 0.04210633039474487, 0.08281192183494568], [-0.039138585329055786, 0.9985432624816895, -0.03714025020599365]]], [[[-0.08457541465759277, 0.03386679291725159, 0.995841383934021], [0.9956490993499756, 0.04210633039474487, 0.08312720060348511], [-0.0391160249710083, 0.9985390305519104, -0.03728055953979492]]], [[[-0.0847083330154419, 0.034146636724472046, 0.9958206415176392], [0.9956414699554443, 0.04203987121582031, 0.08325144648551941], [-0.039021462202072144, 0.9985322952270508, -0.03755903244018555]]], [[[-0.08479964733123779, 0.03428208827972412, 0.9958081245422363], [0.9956241846084595, 0.04229813814163208, 0.08332768082618713], [-0.03926420211791992, 0.9985167980194092, -0.037719011306762695]]], [[[-0.08488714694976807, 0.03440573811531067, 0.9957962036132812], [0.9956179857254028, 0.04227381944656372, 0.08341142535209656], [-0.039226144552230835, 0.9985133409500122, -0.03784334659576416]]], [[[-0.08503782749176025, 0.03438475728034973, 0.9957844018936157], [0.9956012964248657, 0.04238176345825195, 0.08355870842933655], [-0.03933015465736389, 0.9985097646713257, -0.03783762454986572]]], [[[-0.08493900299072266, 0.034715890884399414, 0.9957811832427979], [0.9956150054931641, 0.04226875305175781, 0.0834513008594513], [-0.039193302392959595, 0.9985029697418213, -0.038153886795043945]]], [[[-0.08481001853942871, 0.034977614879608154, 0.9957828521728516], [0.9956305623054504, 0.04216563701629639, 0.08331611752510071], [-0.03907346725463867, 0.9984980821609497, -0.03840076923370361]]], [[[-0.08502030372619629, 0.03536015748977661, 0.9957516193389893], [0.9956153035163879, 0.04214203357696533, 0.08351212739944458], [-0.03900995850563049, 0.9984857439994812, -0.0387880802154541]]], [[[-0.08536636829376221, 0.03625553846359253, 0.9956897497177124], [0.9955874085426331, 0.04218590259552002, 0.08382150530815125], [-0.03896510601043701, 0.9984517097473145, -0.03969681262969971]]], [[[-0.08588182926177979, 0.03714445233345032, 0.9956125617027283], [0.9955425262451172, 0.04229474067687988, 0.08429792523384094], [-0.03897792100906372, 0.9984143972396851, -0.0406111478805542]]], [[[-0.08741044998168945, 0.037815362215042114, 0.9954544305801392], [0.9954183101654053, 0.04219108819961548, 0.08580446243286133], [-0.03875458240509033, 0.9983936548233032, -0.04132997989654541]]], [[[-0.0893704891204834, 0.03862205147743225, 0.9952492117881775], [0.9952467679977417, 0.04227501153945923, 0.08772984147071838], [-0.038685739040374756, 0.9983590841293335, -0.04221630096435547]]], [[[-0.09067118167877197, 0.03888574242591858, 0.9951213598251343], [0.995103120803833, 0.04302012920379639, 0.0889885425567627], [-0.03934979438781738, 0.9983171224594116, -0.04259598255157471]]], [[[-0.09320175647735596, 0.0375765860080719, 0.9949380159378052], [0.9948318004608154, 0.043953776359558105, 0.09153160452842712], [-0.04029190540313721, 0.9983266592025757, -0.04147899150848389]]], [[[-0.08951735496520996, 0.035105228424072266, 0.9953663349151611], [0.9952229261398315, 0.042247235774993896, 0.08801442384719849], [-0.0389617383480072, 0.9984902739524841, -0.03871941566467285]]], [[[-0.09196102619171143, 0.03514859080314636, 0.9951421022415161], [0.9949867725372314, 0.04268568754196167, 0.0904390811920166], [-0.03929948806762695, 0.9984700679779053, -0.03889775276184082]]], [[[-0.09417366981506348, 0.03686913847923279, 0.9948729276657104], [0.9948201179504395, 0.04189431667327881, 0.0926159918308258], [-0.03826490044593811, 0.9984415769577026, -0.04062354564666748]]], [[[-0.0958242416381836, 0.03857296705245972, 0.9946506023406982], [0.9946789145469666, 0.041692376136779785, 0.09421005845069885], [-0.03783535957336426, 0.9983856678009033, -0.04236292839050293]]], [[[-0.09679567813873291, 0.03999084234237671, 0.9945005774497986], [0.9946183562278748, 0.040975213050842285, 0.09515941143035889], [-0.03694432973861694, 0.9983595609664917, -0.04374194145202637]]], [[[-0.09773516654968262, 0.04143986105918884, 0.9943493604660034], [0.9945226907730103, 0.04125863313674927, 0.09603273868560791], [-0.037045955657958984, 0.9982887506484985, -0.04524528980255127]]], [[[-0.0958859920501709, 0.04470553994178772, 0.9943879842758179], [0.9947032928466797, 0.041471123695373535, 0.09405183792114258], [-0.037033915519714355, 0.9981391429901123, -0.04844534397125244]]], [[[-0.09901940822601318, 0.048184871673583984, 0.9939182996749878], [0.9944051504135132, 0.04172348976135254, 0.09704506397247314], [-0.03679370880126953, 0.9979666471481323, -0.052046775817871094]]], [[[-0.10094773769378662, 0.04950308799743652, 0.9936594367027283], [0.9942841529846191, 0.03992021083831787, 0.09902241826057434], [-0.03476530313491821, 0.9979759454727173, -0.05324995517730713]]], [[[-0.10285604000091553, 0.051058560609817505, 0.9933850169181824], [0.9940801858901978, 0.04042118787765503, 0.10085031390190125], [-0.03500455617904663, 0.9978773593902588, -0.054913997650146484]]], [[[-0.10563004016876221, 0.05152574181556702, 0.9930696487426758], [0.9939124584197998, 0.03691345453262329, 0.10380434989929199], [-0.03130900859832764, 0.9979891777038574, -0.05511128902435303]]], [[[-0.10889816284179688, 0.05308270454406738, 0.992634654045105], [0.9935632944107056, 0.03715032339096069, 0.10701331496238708], [-0.031196147203445435, 0.9978988170623779, -0.05678665637969971]]], [[[-0.11214816570281982, 0.05494868755340576, 0.992171049118042], [0.9933056831359863, 0.034020185470581055, 0.11039230227470398], [-0.027687937021255493, 0.997909426689148, -0.058396100997924805]]], [[[-0.11775457859039307, 0.05457589030265808, 0.9915417432785034], [0.9926450252532959, 0.034721434116363525, 0.11597457528114319], [-0.028098315000534058, 0.9979057312011719, -0.05826294422149658]]], [[[-0.12056589126586914, 0.05363914370536804, 0.9912550449371338], [0.9923286437988281, 0.03401315212249756, 0.11885601282119751], [-0.02734038233757019, 0.9979808926582336, -0.05732846260070801]]], [[[-0.12529194355010986, 0.05154752731323242, 0.9907798767089844], [0.991748571395874, 0.03382807970046997, 0.12365442514419556], [-0.02714213728904724, 0.9980974793434143, -0.05536067485809326]]], [[[-0.1272045373916626, 0.05304041504859924, 0.99045729637146], [0.9915624856948853, 0.03192490339279175, 0.12563687562942505], [-0.024956315755844116, 0.9980818629264832, -0.056653738021850586]]], [[[-0.12792694568634033, 0.0541512668132782, 0.9903041124343872], [0.991486668586731, 0.031413137912750244, 0.12636199593544006], [-0.02426585555076599, 0.9980385303497314, -0.05770885944366455]]], [[[-0.12845563888549805, 0.05011659860610962, 0.990447998046875], [0.9913597702980042, 0.033225953578948975, 0.1268925964832306], [-0.026549190282821655, 0.9981905221939087, -0.05395162105560303]]], [[[-0.1300218105316162, 0.0481928288936615, 0.9903392791748047], [0.9911737442016602, 0.03237205743789673, 0.12855598330497742], [-0.02586391568183899, 0.998313307762146, -0.051976680755615234]]], [[[-0.12787723541259766, 0.045462191104888916, 0.9907475113868713], [0.9915071129798889, 0.029719293117523193, 0.12661156058311462], [-0.023688137531280518, 0.9985238313674927, -0.04887652397155762]]], [[[-0.13134491443634033, 0.040870487689971924, 0.9904937744140625], [0.9910983443260193, 0.027319610118865967, 0.1302979588508606], [-0.02173435688018799, 0.9987908005714417, -0.04409480094909668]]], [[[-0.13054907321929932, 0.03502741456031799, 0.9908230304718018], [0.9910871982574463, 0.031344056129455566, 0.12947574257850647], [-0.02652132511138916, 0.9988948106765747, -0.03880727291107178]]], [[[-0.1330397129058838, 0.03097987174987793, 0.9906263947486877], [0.9907960891723633, 0.029337942600250244, 0.13214507699012756], [-0.024969041347503662, 0.9990893602371216, -0.03459775447845459]]], [[[-0.1298668384552002, 0.0250871479511261, 0.9912140369415283], [0.9911150932312012, 0.03225266933441162, 0.1290374994277954], [-0.02873203158378601, 0.9991648197174072, -0.029052734375]]], [[[-0.12672173976898193, 0.02190840244293213, 0.9916963577270508], [0.9915344715118408, 0.03132432699203491, 0.1260089874267578], [-0.02830362319946289, 0.9992691278457642, -0.025692343711853027]]], [[[-0.12212824821472168, 0.018333017826080322, 0.9923450946807861], [0.9921790957450867, 0.028241097927093506, 0.12158596515655518], [-0.025795847177505493, 0.9994330406188965, -0.02163875102996826]]], [[[-0.12810909748077393, 0.012746632099151611, 0.9916780591011047], [0.9912952780723572, 0.0322532057762146, 0.1276453137397766], [-0.030357658863067627, 0.999398410320282, -0.016767382621765137]]], [[[-0.12507236003875732, 0.008173227310180664, 0.9921139478683472], [0.9915539622306824, 0.03561657667160034, 0.12470835447311401], [-0.034316420555114746, 0.9993321299552917, -0.012558817863464355]]], [[[-0.1239776611328125, 0.0012778639793395996, 0.9922842383384705], [0.9916927814483643, 0.03470504283905029, 0.1238589882850647], [-0.034279048442840576, 0.9993968605995178, -0.005570054054260254]]], [[[-0.12052643299102783, -0.00508078932762146, 0.9926971197128296], [0.9920586347579956, 0.03560608625411987, 0.12063109874725342], [-0.0359589159488678, 0.9993529319763184, 0.0007489919662475586]]], [[[-0.1124260425567627, -0.0090163